7 102 1 2 3 4 105 5
2 103 102 
1 0 
10 6 7 2 132 3 48 104 4 105 5
1 131 
1 0 
2 107 106 
2 107 106 
1 0 
1 8
2 7 122 
1 134 
1 136
1 109 
1 108 
1 153 
1 137 
1 110 
1 115 
3 9 148 10 
2 11 10 
4 12 112 111 10 
1 113 
1 115 
1 13
1 0 
4 7 14 142 114 
2 15 113 
1 0 
5 116 14 2 120 3 
3 2 117 3 
2 7 118 
2 15 117 
1 0 
1 142 
2 119 121 
2 16 120 
2 15 120 
1 0 
7 17 7 18 17 7 18 126 
1 129 
1 126 
1 130 
1 127 
1 128 
1 124 
1 0 
4 17 7 18 125 
1 7 
1 19
3 17 7 18 
1 0 
3 14 119 10 
3 2 140 3 
3 20 7 127 
2 127 10 
2 128 10 
1 21
1 22
1 23 
1 24 
1 50
4 7 16 131 133 
2 15 132 
1 0 
8 25 2 150 3 4 105 5 135 
8 26 2 150 3 4 105 5 135 
4 27 4 105 5
1 0 
5 28 2 7 3 10 
5 29 2 7 3 10 
1 30 
1 19
1 31 
1 159 
1 139 
1 154
1 49 
3 17 120 18 
2 7 141 
2 138 141
1 0 
2 15 140 
1 0 
2 144 143 
1 138
2 147 142 
1 0 
2 146 145 
2 149 144
1 0 
3 2 142 3 
1 148 
1 32 
1 33 
2 7 123 
1 138 
1 34 
1 35 
7 2 150 3 151 2 150 3
3 148 152 148 
1 36 
1 37 
1 38 
1 39 
1 40
1 41 
1 42  
1 43 
1 44 
7 45 2 150 3 4 105 5
3 4 155 5
2 157 156 
2 16 155  
1 0 
2 19 158 
3 15 19 158 
1 0 
1 46 
1 47
