101 -> 102 1 2 3 4 105 5
102 -> 103 102 
102 -> 0 
103 -> 6 7 2 132 3 48 104 4 105 5
104 -> 131 
104 -> 0 
105 -> 107 106 
106 -> 107 106 
106 -> 0 
107 -> 8
107 -> 7 122 
107 -> 134 
107 -> 136
107 -> 109 
107 -> 108 
107 -> 153 
107 -> 137 
107 -> 110 
107 -> 115 
108       -> 9 148 10 
109        -> 11 10 
110  -> 12 112 111 10 
111 -> 113 
111 -> 115 
112          -> 13
112 -> 0 
113      -> 7 14 142 114 
114        -> 15 113 
114 -> 0 
115  -> 116 14 2 120 3 10 
116        -> 2 117 3 
117         -> 7 118 
118         -> 15 117 
118 -> 0 
119       -> 142 
120         -> 119 121 
121         -> 16 120 
121 -> 15 120 
121 -> 0 
122  -> 17 7 18 17 7 18 126 
122  -> 129 
122  -> 126 
122  -> 130 
123 -> 127 
123 -> 128 
123 -> 124 
123 -> 0 
124 -> 17 7 18 125
124 -> 7 
124 -> 19
125 -> 17 7 18 
125 -> 0 
126  -> 14 119 10 
127          -> 2 140 3 
128       -> 20 7 127 
129      -> 127 10 
130       -> 128 10 
131 -> 21
131 -> 22
131 -> 23 
131 -> 24
131 -> 50 
132    -> 7 16 131 133 
133    -> 15 132 
133    -> 0 
134           -> 25 2 150 3 4 105 5 135 
135         -> 26 2 150 3 4 105 5 135 
135         -> 27 4 105 5
135         -> 0 
136            -> 28 2 7 3 10 
137            -> 29 2 7 3 10 
138            -> 30 
138            -> 19
138            -> 31 
138            -> 159 
138            -> 139 
138            -> 154
138	       -> 49 
139            -> 17 120 18 
140           -> 7 141
140          -> 138 141 
140           -> 0 
141          -> 15 140 
141          -> 0 
142        -> 144 143 
142			-> 138
143        -> 147 142 
143        -> 0 
144        -> 146 145 
145      -> 149 144
145      -> 0 
146           -> 2 142 3 
146           -> 148 
147            -> 32 
147            -> 33 
148          -> 7 123 
148          -> 138 
149           -> 34 
149           -> 35 
150         -> 2 150 3 151 2 150 3
150         -> 148 152 148 
151        -> 36 
151        -> 37 
151        -> 38 
152     -> 39 
152     -> 40
152     -> 41 
152     -> 42  
152     -> 43 
152     -> 44 
153         -> 45 2 150 3 4 105 5
154             -> 4 155 5
155             -> 157 156 
156         -> 16 155  
156         -> 0 
157              -> 19 158 
158         -> 15 19 158 
158         -> 0 
159          -> 46 
159          -> 47
