 1  122  122  122  122  1  122  122  122  122  122  122  122  122  122  122  122  122  122  122  122  122  122  122  122  122  122  122  122  122  122  122  122  122  122  122  122  122  122  122  122  122  122  122  122  122  122  122  122  122 
 3  122  122  122  122  2  122  122  122  122  122  122  122  122  122  122  122  122  122  122  122  122  122  122  122  122  122  122  122  122  122  122  122  122  122  122  122  122  122  122  122  122  122  122  122  122  122  122  122  122 
 121  122  122  122  122  4  122  122  122  122  122  122  122  122  122  122  122  122  122  122  122  122  122  122  122  122  122  122  122  122  122  122  122  122  122  122  122  122  122  122  122  122  122  122  122  122  122  122  122  122 
 122  122  122  6  122  122  122  122  122  122  122  122  122  122  122  122  122  122  122  122  5  5  5  5  122  122  122  122  122  122  122  122  122  122  122  122  122  122  122  122  122  122  122  122  122  122  122  122  122  5 
 122  7  122  122  121  122  7  7  7  122  7  7  122  122  122  122  122  122  122  122  122  122  122  122  7  122  122  7  7  122  122  122  122  122  122  122  122  122  122  122  122  122  122  122  7  122  122  122  122  122 
 122  8  122  122  9  122  8  8  8  122  8  8  122  122  122  122  122  122  122  122  122  122  122  122  8  122  122  8  8  122  122  122  122  122  122  122  122  122  122  122  122  122  122  122  8  122  122  122  122  122 
 122  19  122  122  121  122  11  10  15  122  14  18  122  122  122  122  122  122  122  122  122  122  122  122  12  122  122  13  17  122  122  122  122  122  122  122  122  122  122  122  122  122  122  122  16  122  122  122  122  122 
 122  121  122  122  121  122  121  121  20  122  121  121  122  122  122  122  122  122  122  122  122  122  122  122  121  122  122  121  121  122  122  122  122  122  122  122  122  122  122  122  122  122  122  122  121  122  122  122  122  122 
 122  121  122  122  121  122  121  121  121  122  21  121  122  122  122  122  122  122  122  122  122  122  122  122  121  122  122  121  121  122  122  122  122  122  122  122  122  122  122  122  122  122  122  122  121  122  122  122  122  122 
 122  121  122  122  121  122  121  121  121  122  121  22  122  122  122  122  122  122  122  122  122  122  122  122  121  122  122  121  121  122  122  122  122  122  122  122  122  122  122  122  122  122  122  122  121  122  122  122  122  122 
 122  24  122  122  122  122  23  122  122  121  122  122  122  122  122  122  122  122  122  122  122  122  122  122  122  122  122  122  122  122  122  122  122  122  122  122  122  122  122  122  122  122  122  122  122  122  122  122  122  122 
 122  26  122  122  122  122  26  122  122  122  122  122  25  122  122  122  122  122  122  122  122  122  122  122  122  122  122  122  122  122  122  122  122  122  122  122  122  122  122  122  122  122  122  122  122  122  122  122  122  122 
 122  122  122  122  122  122  27  122  122  121  122  122  122  122  122  122  122  122  122  122  122  122  122  122  122  122  122  122  122  122  122  122  122  122  122  122  122  122  122  122  122  122  122  122  122  122  122  122  122  122 
 122  122  122  122  122  122  122  122  122  29  122  122  122  122  28  122  122  122  122  122  122  122  122  122  122  122  122  122  122  122  122  122  122  122  122  122  122  122  122  122  122  122  122  122  122  122  122  122  122  122 
 122  30  122  122  121  122  121  121  121  121  121  121  122  122  122  122  122  122  122  122  122  122  122  122  121  122  122  121  121  122  122  122  122  122  122  122  122  122  122  122  122  122  122  122  121  122  122  122  122  122 
 122  31  122  122  122  122  122  122  122  122  122  122  122  121  122  122  122  122  122  122  122  122  122  122  122  122  122  122  122  122  122  122  122  122  122  122  122  122  122  122  122  122  122  122  122  122  122  122  122  122 
 122  122  121  122  122  122  32  122  122  122  122  122  122  122  122  122  122  122  122  122  122  122  122  122  122  122  122  122  122  122  122  122  122  122  122  122  122  122  122  122  122  122  122  122  122  122  122  122  122  122 
 122  122  34  122  122  122  122  122  122  122  122  122  122  122  33  122  122  122  122  122  122  122  122  122  122  122  122  122  122  122  122  122  122  122  122  122  122  122  122  122  122  122  122  122  122  122  122  122  122  122 
 122  35  121  35  122  122  35  122  122  121  122  122  122  122  121  121  35  121  35  122  122  122  122  122  122  122  122  122  122  35  35  122  122  122  122  122  122  122  122  122  122  122  122  122  122  35  35  122  35  122 
 122  36  121  36  122  122  36  122  122  122  122  122  122  122  122  122  36  121  36  122  122  122  122  122  122  122  122  122  122  36  36  122  122  122  122  122  122  122  122  122  122  122  122  122  122  36  36  122  36  122 
 122  122  39  122  122  122  122  122  122  122  122  122  122  122  38  37  122  39  122  122  122  122  122  122  122  122  122  122  122  122  122  122  122  122  122  122  122  122  122  122  122  122  122  122  122  122  122  122  122  122 
 122  41  122  122  121  122  121  121  121  122  121  121  122  42  122  122  40  122  122  43  122  122  122  122  121  122  122  121  121  122  122  122  122  122  122  122  122  122  122  122  122  122  122  122  121  122  122  122  122  122 
 122  44  47  122  122  122  46  122  122  47  122  122  122  122  47  47  46  47  46  45  122  122  122  122  122  122  122  122  122  122  122  47  47  47  47  122  122  122  47  47  47  47  47  47  122  122  122  122  122  122 
 122  122  121  122  122  122  49  122  122  121  122  122  122  122  121  121  48  121  50  122  122  122  122  122  122  122  122  122  122  122  122  121  121  121  121  122  122  122  121  121  121  121  121  121  122  122  122  122  122  122 
 122  122  52  122  122  122  122  122  122  52  122  122  122  122  52  52  51  52  122  122  122  122  122  122  122  122  122  122  122  122  122  52  52  52  52  122  122  122  52  52  52  52  52  52  122  122  122  122  122  122 
 122  121  122  122  121  122  121  121  121  122  121  121  122  53  122  122  122  122  122  122  122  122  122  122  121  122  122  121  121  122  122  122  122  122  122  122  122  122  122  122  122  122  122  122  121  122  122  122  122  122 
 122  54  121  122  122  122  122  122  122  121  122  122  122  122  121  121  122  121  122  122  122  122  122  122  122  122  122  122  122  122  122  121  121  121  121  122  122  122  121  121  121  121  121  121  122  122  122  122  122  122 
 122  122  121  122  122  122  122  122  122  121  122  122  122  122  121  121  122  121  122  55  122  122  122  122  122  122  122  122  122  122  122  121  121  121  121  122  122  122  121  121  121  121  121  121  122  122  122  122  122  122 
 122  56  122  122  121  122  121  121  121  122  121  121  122  122  122  122  122  122  122  122  122  122  122  122  121  122  122  121  121  122  122  122  122  122  122  122  122  122  122  122  122  122  122  122  121  122  122  122  122  122 
 122  121  122  122  121  122  121  121  121  122  121  121  122  122  122  122  122  122  122  57  122  122  122  122  121  122  122  121  121  122  122  122  122  122  122  122  122  122  122  122  122  122  122  122  121  122  122  122  122  122 
 122  122  121  121  122  122  122  122  122  122  122  122  122  122  121  122  122  122  122  122  58  59  60  61  122  122  122  122  122  122  122  122  122  122  122  122  122  122  122  122  122  122  122  122  122  122  122  122  122  62 
 122  122  121  122  122  122  63  122  122  122  122  122  122  122  122  122  122  122  122  122  122  122  122  122  122  122  122  122  122  122  122  122  122  122  122  122  122  122  122  122  122  122  122  122  122  122  122  122  122  122 
 122  122  65  122  122  122  122  122  122  122  122  122  122  122  64  122  122  122  122  122  122  122  122  122  122  122  122  122  122  122  122  122  122  122  122  122  122  122  122  122  122  122  122  122  122  122  122  122  122  122 
 122  121  122  122  121  122  121  121  121  122  121  121  122  122  122  122  122  122  122  122  122  122  122  122  66  122  122  121  121  122  122  122  122  122  122  122  122  122  122  122  122  122  122  122  121  122  122  122  122  122 
 122  69  122  122  69  122  69  69  69  122  69  69  122  122  122  122  122  122  122  122  122  122  122  122  69  67  68  69  69  122  122  122  122  122  122  122  122  122  122  122  122  122  122  122  69  122  122  122  122  122 
 122  121  122  122  121  122  121  121  121  122  121  121  122  122  122  122  122  122  122  122  122  122  122  122  121  122  122  70  121  122  122  122  122  122  122  122  122  122  122  122  122  122  122  122  121  122  122  122  122  122 
 122  121  122  122  121  122  121  121  121  122  121  121  122  122  122  122  122  122  122  122  122  122  122  122  121  122  122  121  71  122  122  122  122  122  122  122  122  122  122  122  122  122  122  122  121  122  122  122  122  122 
 122  122  121  77  122  122  122  122  122  121  122  122  122  122  121  121  76  121  73  122  122  122  122  122  122  122  122  122  122  72  74  121  121  121  121  122  122  122  121  121  121  121  121  121  122  75  75  122  78  122 
 122  122  121  122  122  122  122  122  122  121  122  122  122  122  121  121  79  121  122  122  122  122  122  122  122  122  122  122  122  122  122  121  121  121  121  122  122  122  121  121  121  121  121  121  122  122  122  122  122  122 
 122  122  82  81  122  122  80  122  122  122  122  122  122  122  122  122  81  122  81  122  122  122  122  122  122  122  122  122  122  81  81  122  122  122  122  122  122  122  122  122  122  122  122  122  122  81  81  122  81  122 
 122  122  84  122  122  122  122  122  122  122  122  122  122  122  83  122  122  122  122  122  122  122  122  122  122  122  122  122  122  122  122  122  122  122  122  122  122  122  122  122  122  122  122  122  122  122  122  122  122  122 
 122  85  121  86  122  122  85  122  122  121  122  122  122  122  121  121  86  121  86  122  122  122  122  122  122  122  122  122  122  86  86  122  122  122  122  122  122  122  122  122  122  122  122  122  122  86  86  122  86  122 
 122  122  88  122  122  122  122  122  122  88  122  122  122  122  88  88  122  88  122  122  122  122  122  122  122  122  122  122  122  122  122  87  87  122  122  122  122  122  122  122  122  122  122  122  122  122  122  122  122  122 
 122  89  121  89  122  122  89  122  122  121  122  122  122  122  121  121  89  121  89  122  122  122  122  122  122  122  122  122  122  89  89  121  121  122  122  122  122  122  122  122  122  122  122  122  122  89  89  122  89  122 
 122  122  91  122  122  122  122  122  122  91  122  122  122  122  91  91  122  91  122  122  122  122  122  122  122  122  122  122  122  122  122  91  91  90  90  122  122  122  122  122  122  122  122  122  122  122  122  122  122  122 
 122  92  121  93  122  122  93  122  122  121  122  122  122  122  121  121  93  121  93  122  122  122  122  122  122  122  122  122  122  93  93  121  121  121  121  122  122  122  122  122  122  122  122  122  122  93  93  122  93  122 
 122  121  122  121  122  122  121  122  122  122  122  122  122  122  122  122  121  122  121  122  122  122  122  122  122  122  122  122  122  121  121  94  95  122  122  122  122  122  122  122  122  122  122  122  122  121  121  122  121  122 
 122  122  121  97  122  122  96  122  122  121  122  122  122  122  121  121  97  121  97  122  122  122  122  122  122  122  122  122  122  97  97  121  121  121  121  122  122  122  121  121  121  121  121  121  122  97  97  122  97  122 
 122  121  122  121  122  122  121  122  122  122  122  122  122  122  122  122  121  122  121  122  122  122  122  122  122  122  122  122  122  121  121  122  122  98  99  122  122  122  122  122  122  122  122  122  122  121  121  122  121  122 
 122  100  121  101  122  122  101  122  122  122  122  122  122  122  122  122  101  122  101  122  122  122  122  122  122  122  122  122  122  101  101  122  122  122  122  122  122  122  122  122  122  122  122  122  122  101  101  122  101  122 
 122  121  122  122  122  122  122  122  122  122  122  122  122  122  122  122  122  122  122  122  122  122  122  122  122  122  122  122  122  122  122  122  122  122  122  102  103  104  122  122  122  122  122  122  122  122  122  122  122  122 
 122  122  122  121  122  122  121  122  122  122  122  122  122  122  122  122  121  122  121  122  122  122  122  122  122  122  122  122  122  121  121  122  122  122  122  122  122  122  105  106  107  108  109  110  122  121  121  122  121  122 
 122  121  122  122  121  122  121  121  121  122  121  121  122  122  122  122  122  122  122  122  122  122  122  122  121  122  122  121  121  122  122  122  122  122  122  122  122  122  122  122  122  122  122  122  111  122  122  122  122  122 
 122  122  121  112  122  122  122  122  122  121  122  122  122  122  121  121  122  121  122  122  122  122  122  122  122  122  122  122  122  122  122  121  121  121  121  122  122  122  121  121  121  121  121  121  122  122  122  122  122  122 
 122  122  122  122  121  122  122  122  122  122  122  122  122  122  122  122  122  122  113  122  122  122  122  122  122  122  122  122  122  122  122  122  122  122  122  122  122  122  122  122  122  122  122  122  122  122  122  122  122  122 
 122  122  122  122  115  122  122  122  122  122  122  122  122  122  122  114  122  122  122  122  122  122  122  122  122  122  122  122  122  122  122  122  122  122  122  122  122  122  122  122  122  122  122  122  122  122  122  122  122  122 
 122  122  122  122  121  122  122  122  122  122  122  122  122  122  122  121  122  122  116  122  122  122  122  122  122  122  122  122  122  122  122  122  122  122  122  122  122  122  122  122  122  122  122  122  122  122  122  122  122  122 
 122  122  122  122  118  122  122  122  122  122  122  122  122  122  117  118  122  122  122  122  122  122  122  122  122  122  122  122  122  122  122  122  122  122  122  122  122  122  122  122  122  122  122  122  122  122  122  122  122  122 
 122  122  121  122  122  122  122  122  122  121  122  122  122  122  121  121  122  121  122  122  122  122  122  122  122  122  122  122  122  122  122  121  121  121  121  122  122  122  121  121  121  121  121  121  122  119  120  122  122  122 
